at: 2024-12-20 23:22:15.184391 pressed: Key.alt
at: 2024-12-20 23:22:15.256125 pressed: Key.tab
at: 2024-12-20 23:22:17.358022 pressed: Key.esc
